[gd_scene format=3 uid="uid://bffs0yqr2jdrx"]

[ext_resource type="Script" uid="uid://dcfj25rphy76m" path="res://Level.cs" id="1_oi3di"]
[ext_resource type="Script" uid="uid://cl0xcq7lkmdq7" path="res://Camera3d.cs" id="1_u52ul"]
[ext_resource type="Script" uid="uid://djm7igip2j47y" path="res://Box3.cs" id="2_vonw3"]
[ext_resource type="Material" uid="uid://7to3kb1tisdd" path="res://godot-prototype-mini-bundle-52d475572ca91d25f4d930691ece6ba5c2639483/addons/prototype_mini_bundle/M_prototype_orange.tres" id="3_1ainy"]
[ext_resource type="Material" uid="uid://brj2jayoo0l0d" path="res://godot-prototype-mini-bundle-52d475572ca91d25f4d930691ece6ba5c2639483/addons/prototype_mini_bundle/M_prototype_blue.tres" id="3_f2txt"]
[ext_resource type="Material" uid="uid://1nvrnylcajfg" path="res://godot-prototype-mini-bundle-52d475572ca91d25f4d930691ece6ba5c2639483/addons/prototype_mini_bundle/M_prototype_red.tres" id="4_n6hdu"]
[ext_resource type="Material" uid="uid://dgjiw8udooecr" path="res://godot-prototype-mini-bundle-52d475572ca91d25f4d930691ece6ba5c2639483/addons/prototype_mini_bundle/M_prototype_dark.tres" id="7_n6hdu"]

[sub_resource type="BoxShape3D" id="BoxShape3D_5xgho"]

[sub_resource type="BoxMesh" id="BoxMesh_1ainy"]
material = ExtResource("3_1ainy")

[sub_resource type="BoxMesh" id="BoxMesh_km5ld"]
material = ExtResource("4_n6hdu")

[sub_resource type="BoxMesh" id="BoxMesh_u52ul"]
material = ExtResource("3_f2txt")

[sub_resource type="BoxShape3D" id="BoxShape3D_u52ul"]
size = Vector3(100.003296, 0.2, 99.99548)

[sub_resource type="PlaneMesh" id="PlaneMesh_oi3di"]
material = ExtResource("7_n6hdu")
size = Vector2(100, 100)

[node name="Level" type="Node3D" unique_id=1370767474]
script = ExtResource("1_oi3di")

[node name="DirectionalLight3D" type="DirectionalLight3D" parent="." unique_id=291750903]
transform = Transform3D(-0.5290163, -0.73491925, 0.4243058, 6.460729e-08, 0.5, 0.8660254, -0.8486119, 0.4581415, -0.264508, 0.29046726, 7.137555, -0.66997623)
shadow_enabled = true

[node name="HTTPRequest" type="HTTPRequest" parent="." unique_id=1559772847]
use_threads = true

[node name="Camera3D" type="Camera3D" parent="." unique_id=1272458313]
transform = Transform3D(1, 0, 0, 0, 0.82814837, 0.56050897, 0, -0.56050897, 0.82814837, 0, 7.6086655, 9.25597)
script = ExtResource("1_u52ul")

[node name="Box1" type="RigidBody3D" parent="." unique_id=1085275502]
transform = Transform3D(0.8866479, 0.41147953, -0.21104525, -0.4624452, 0.7889314, -0.40463793, 0, 0.45636824, 0.88979113, 0, 4, 0)

[node name="CollisionShape3D" type="CollisionShape3D" parent="Box1" unique_id=106136548]
shape = SubResource("BoxShape3D_5xgho")

[node name="MeshInstance3D" type="MeshInstance3D" parent="Box1" unique_id=1568019650]
mesh = SubResource("BoxMesh_1ainy")

[node name="Box2" type="RigidBody3D" parent="." unique_id=11656708]
transform = Transform3D(0.1819393, 0.968558, 0.1696869, -0.5790362, 0.2450048, -0.7776185, -0.79474235, 0.043224618, 0.60540605, 0, 9.345, 0)

[node name="CollisionShape3D" type="CollisionShape3D" parent="Box2" unique_id=1441006205]
shape = SubResource("BoxShape3D_5xgho")

[node name="MeshInstance3D" type="MeshInstance3D" parent="Box2" unique_id=1918388303]
mesh = SubResource("BoxMesh_km5ld")

[node name="Box3" type="RigidBody3D" parent="." unique_id=266928940]
transform = Transform3D(-0.66258556, 0.4208548, -0.61956644, 0.37079027, -0.534415, -0.7595501, -0.6507653, -0.73299533, 0.19804685, 0, 12.502767, 0)
script = ExtResource("2_vonw3")

[node name="CollisionShape3D" type="CollisionShape3D" parent="Box3" unique_id=817289411]
shape = SubResource("BoxShape3D_5xgho")

[node name="MeshInstance3D" type="MeshInstance3D" parent="Box3" unique_id=1958193464]
mesh = SubResource("BoxMesh_u52ul")

[node name="Ground" type="StaticBody3D" parent="." unique_id=1268580575]

[node name="CollisionShape3D" type="CollisionShape3D" parent="Ground" unique_id=954216821]
transform = Transform3D(1, 0, 0, 0, 1, 0, 0, 0, 1, 0, -0.1, 0)
shape = SubResource("BoxShape3D_u52ul")

[node name="MeshInstance3D" type="MeshInstance3D" parent="Ground" unique_id=1210654069]
mesh = SubResource("PlaneMesh_oi3di")
